x              =  0.500000E+00
CosH(x)        =  0.112763E+01
Fortran CosH(x)=  0.112763E+01
Error          =  0.000000E+00

